9999
 11427 18724   838 23843 20783 24782 23707 24427 20930 12827 13288 11050 24535   292 29487  8036 18227 28718 25336  5274 10277 24794 22187 26524  9997 30108 30781  9887 13595 18286 30478  5263 22105  9158  7698 30375  2284 26309  5424 24638 12695 17841 20967 28900 12672  7589 31543 14509  2359  6791 17599 14029 11508 19003  1315  9829 28192 28694  2992  3485  7703 11414 31043 17139 20013 19792  8294 23763 20719 22825 12477 16231 24747 11465 12705 15536  3890 15181  4106 31446 25308 18236 17330  5308 17613 10173 20343 10456  9335 28167  8449 19010 29792 32536  5030  2058 25637 30122  6794 32463
 31680 24675 22027 10381 31750 12364  6236 24247 10355 27524  7535 17030 24106 30774 31257 32656  7224  5064  1649  7324 24857 19029 18297 20149   381   606  7168   637 23628 28860 12486  4036  4071  2265 32738 19289  5297 15648 24417 27424 24782  9138 25392 28773 31018 21339  5692  3184  5053  3268 20183 13146 12046  1002  8798 20767 17142 24014 15384 21747 28327 13935  7010  1754 18412 17141 32009 23411 12211 25647 29688 14868 20424 15679 29971 26908  9699  8852 23138  5253 16357 29977  8562  8889  3423 15788 26872 19367 27220  7378 29112  9749 18240 25257  9893  7992  4696 25374 28746  4226
 17940 23135 22376 26555 16619 30100 15073  5459 19037 21450  7380 13559 26935  4911 19210  9314 28435 16005 26257 31862 23838 11985  3750  8331  1566 13651 13017 22535  4531  8635 20587  9774 17628 30874  7931 21564 13246 28183 28769 25009 16545 30947 18395 20205  3132  4463 27751 30204 15154 29020 31343 26035 13532 26419 14507 29436 16201  4694 13380 29806  7299  6966 26677 23585  3348 15303 29687  9152 23497 11313  9565 16095 22198 18377 22973  1935 22906 32319 31312 22832 19653 25880  6107 19847 16151 32095 27023 20497 31434   408 13102 31638 15698 20470 22128 30208 29636 17614  5029 15982
  8341  6474 15771  8581 20132  6754 25794 18438 13691 19464 15758  5030 29394 19619 17949 15898 32085  3263 28442 28273 13480 12035 19425 14502 12967  9315  3556 15222 16882 22679 20301 20591  7593   715 28901   586 24180 28312  3892 15738 14535 20787 21226 28421 28772 32484  8317  1427  9505  5306 27412  2244 23787 27262 11940 15047 28427 24805 21848 30761 13480 24585  3127 18922  8845  6682 19201 24022 12333 26193  4953 22802 12260 18470 11049 14582 31872 30403 22083 13850  8192 30904 21316 23988 22428 10224  8126 21793  6405 12772 18326 31681 31981 26638 17322 24328     6 29857 11191 13522
 25047 18295 16251 20471  7004 20299  2838 17184 16944 21288 10934  9689  2940    33 29043 12263 31937 32579 30584  7899  2845 10184 21348  6631 16330  8589   752  2033  1511  3015 18129  3046  1403 31729 30176  6993 12215 26889  2936 25388 24699 22267 29983 28405 14620 22110 25449 17925  6245 11358  8730 29470 21467 14073 15243 10819  5701 24943 27471   204  1900 15603  9237 27577  8480  4519 11472 30791 21883 31687  6422 29377 27242 26916  8390 28569 11880  2773  6894 27319 27277  3881  8172 28945 13768 14304  5843  2172  3433  8346 12816 18881 22242 18831  8013 24820 11982 14977 28309 26625
 10546 20975 29881 20360 26371  5260 11507 18923  9449  4335 24010 27813 10051 11148  1333 31709 10091 26339 20483  5178  9787 31735  8314  9978 18384 22274 26687 31806  7309 19559 22902 12200 31587  6632 13097 23336 20816  2073 11502 25619  2598 16404 17860  7798 30350 10607 31295 15017 21324 25707  9701 12583 21957 13422  5079  8348 25022 28340   692 21056 19558 16705  8122 22628 20631 26138 15662 31562  6233  5812 18430 26682 32680 21421 16550 22226 29815 21690 15184  6302  6132 13537 11071 18153  1294 12008 32109   722 24628 32269 18035 31650  5216 14071  1962 12124 24917 11501 20368  6550
  7973 14150 14701 17544 23285 27424  4150 28771 12548  7509  6321 17636  2026 16555 18138 16680  4382 29771 25222 24002 12987 22133 24390  5387 16004 28529 27534 17849  6693 18633 31510  9139 15548  1205 20609 11044  9623  2519 19005 18894 12351  5928 30378 12962 27062 21555 13182  3981 19198 12673 23656  1428 31962 11604 19699 16163  2265 20632 14766 28834  7055 30742  9354  2890 15398 15851 28803  4663  7446  5944 22658 17854 27184 31260 19842  6400 14305  8159 32754  9663 30645 14192  6235  4721  5658  7186 25411  7827  9575 25682 29777 18752 14876 23868  1202 17922 23659 17870  4282 13288
 13048 24237 30927 19161 19166   496 10627 29479  8434 14361  3840 31591 20555 31490 22441 24705  2562  8215 18942 23555 14902 22664 12736 11451 32339 32419 10326 19844 20628  9032 15472  3680  3271  3997 15594 17351 12881  3842 10995    63  1905  5448  5998  3117   457  5405 28568  4075  6170  6859 31980  9242 24911 32547  7236 15418  9405 18099 28736  8056 16297   320  4843 25542  1034 15728  2716  7985 29841 25798  1563 17263   487  5075  9221 22456 11574 17067 18802  1240 13290 20887 19412 10113 10425 19977 29219 23781  7648   981  4407 15748 17584 11933 18293 14915  9802 24461  7085 20415
 22951 27465   835   992 23259 29732  5005 25009 26522 25747 25213 26479  1275 28129 23168  6880  4732 24356  1445 14309  3654 26735  5122 11603 28339  7753  8532 23551 13582 20830 32229 19480  7578  3701 32435 19642  4309 23202  6350 12735 14845 32701 19458  9177 26324 32018  8374 14046  5281 28762 15636 14946 20087  2795 21866 30859 16569 26411 31696 22305  9694 21066  4876  3813 28786 24113 26802 27940 22109 20405 14992 21387  8552 15633 11080 27197 26877 28819 27199 14371  6446 25493  4790  5507 27386 26031  1591 11477 12747 17451 17971 32210  8770  1465  4329  5837 30263  3684 17801 30790
  4604 16325 21402 22205  3810 26999 14745 11972 20223  7627 22243 24408 32302 16060  5333 15985  9302 22309 11057 23512 11504  5169   963 26169  1987 29459   325 26233 18162 30456 11649 17737 24121 31546  4789 20220 26484 30167 17467 10645  4193 15905 23145 28965  5542 11191 26039 28244 28438  8627  7455  6973  4400 23077 19402 27263 26600  1473 16872  1168 28331  5076 19680 28501  2461 13949 31401 21488  1061 30489 11383 22234 22699 28415 15515 13873  9632 30830 15268  8787 29631 27587  2251  1195 12691 15599 18830 10443  2106  3369  1178 31675 28008  1248 25582 21905  5807  2548 25150   322
 12797  9765 26517 30392  1894 12748  6463 31525 26659  5833 24806  7062  3803 16316 28411 13771 21794  1912 15448   838 25152 15540 20259 23202 14131  3588 18165  6950 15351 29192 29755 30362 12804 24547 32477  3417 12313 27631 24606  4264  2872  7344 13252 24390 20721  3078  9336 20549 14052 10406 30575  8215  9090 11210 31562 13292 13331  5928 24123 10044 25597 20257 12138 22431 14659  9532  3991 25317  6732 26322 21760 19299 12518 17419  9861 13963 32394  8969 21002 31168  1506 13154 25117 26984 11656 21972 14040  7746 16401 11316  9737  9465 11594 26024 26257 19450 28865  6934 19210   899
 16775 20444  4013  1021 28469 27330 16242 11916  4141 15148 29816 23524 25890 24213 30632  3422  5595  6712   918 13387 11059 32016 11943   904 27237 24067 16505 32595 30086  2651 30335 16220 21843 14453 31724  5919 20525  4797  6355  6258 12898 28378 23692  9306 27566  1317 18265 32291  9730 15456 14153  5296 14723 23973  7261 30223  8662 17564 14314  8528 22683 24561 27454 10904 14647  5637 22918 25969 20951 25060 24816  2404 17842 15480 12044  1226  9358  9724 29816 29151 23429 25522 31676 25112  8969 17881 10099 29623  3622  2522  7084 26012  7943 11458  5775  7518  1212 16884 15428 21402
 26170  8736 23056 23179 24227  1647 25793 13019  3784 25600 13901 25273 26605  7064 20150 17196  5068 20885  7216 14247  7644   548  3718   989 16850  9652 31162 13270   872 31147  3052 19011 29534 16727 23164 10511 17855  4903 19059 26678  7526  1563 22559  3802 12480 21369   510 25236 11220 16578 23262 16648 29568 26084  1857 14268 11781  9137 10758 20010 13510 24208  1094 13843 21324 20850 19581 22039 30606  3336   234 25219 14191 30516 14648 30826 20361 24253 15197 28407 32553 30534 22467 21249 26010 20865 20645 16608 17575  9120   496  4223 19547 30220 13596  1971 21515  2138 11865  1739
  9367   635 31981 25449 14316 17970 19678 26000  4557 29899 29851  6909  5588 32011  6951 29883 32435 17763  2426 25330 23232 18024 11045 25344 12721 10632   564 13258 14243 16373  4696  9300 12642 26086  1862 12432 28132  9727  6746 24692 30998 12557 31616  7503 27612 32247 16724 29021 32082  9714  9352 26009 14681 20723  2694 29138    79 18026  9047 13057 13341 30253  7876 23514 13943  3506 15547  5025  7263 28034 15604 14143 15083  4842 29139 12437 29001 18932 31377 22544 21504 15254 26775  5246  7544 11304 21546 11552  1981 32283  9293   512 29568 19689  3555  7812    95 13384  3605 23108
 31334  6051 25587 31769 16597 32202 19806  4982  2595 21737  2853 31740 10564 12983 28782 16200 14376 25839   344 18704 19332 26116 25822  8558  5076  2577 11775  8571  4001 30734 16411 22048 13055 17226 21153  1321 10331 14613 22503  2203  3699 14013 19289 29768 22438  7101 10966 14752 11886 11312  8023 15818   811 30604  6354  5620 10018  6028 24926 24039  6341 23406 27543 23774 25909 13151 24644 27800 17157 28724 12087 22188 19009 11098 10101  7197 28078 27408 23191 23342  6484 22227 20336 18295  6714  4122 18416 26681 13169   836  7752  4335  1107 17615 32079 18469  9229 20170 30757  4237
  5723 12941 17686 18512 32147  4775  8129  4770 11749 31000  5753 32665  1505 24001 18155 26175 12345 28952 19969  9446 13001 32544 28423 15291 28372 32409 13837 30110 30353  8307  6540  4913 23526 29577 24396 11311 23667 28812 18564 15104  3794   573 18756  1674 29981 24032 20240 24137  6321 16365 23245 23714  4914 24840 29154  9076 10448 14131 10903 18161 22472 22339 22464 23212   301  2704  6048 21746  3816 27889 18952 15454 15102  9960 12735 21416 23569  6169 17702 14270 23338  1537 29212  9238 14005  8932 22816 20802 14029   263 17333  8645 14010 17952 23051  4389 10168 13067 23515  6465
 12538 21438 24723   485  4335 27519 25267 20124  9156 29013  6775 16069 13098 12476 27574  5097 29529 25244 27402  4684 20821 21116 15921 28610 30320 25587 23475  9412  9488  3168 28101 21443 21170  5339 23662 15036  9007 14444 17128 25357 10558 29306 21577   903  4155  4486 29539 18628  4903 25113   488 30651 25839  1530 10962  7825 28145 19365 11265 18355   700  6649 25382 25377 30743 17457  8673 23053 14406 23061  3366   164 15752 18545  3045 23084  5604 24007  2282 25423 21541  1857  3074 22198  4644 23017 28255  8154 26693 15388 11837 28695 32324 17212  9670 10755  6450  6566 10547  5885
 19130   228 20533  6921  9641 17443 28307 23259  7086 12007    20  2097 26717 23549  2975 18534 11642 28850 16801 26948  9333  6210 22959 22555  2353 21395 29549  3855  8713 28963 32430 27830  2325 16703 28380 10723  6825 23159 15771 25020 11551   590   169 24595 30167  3638  5896 10739 16251 20667 12640 29816 21896 26366 14751 32228 18698 31333 24034 31984 29351 19089 17048  6752 21982  5008  8164 10458 18833  9300 20036  3832  2497 14692  1649  6044  5786 28626 22662  7300  1199 25709  7779 16158  8838 21303 27988  9117  5975 19226 19182 25164 24337 18902 10554  8994 18334 21566 28182  6039
 21352 24228  2519 18103  9500  6546 24883 24437 22702 30395  3679  1345 28061 31280 15732 19165  9848 11223 10263 20332   417 15642 29785 12748 12113 14044 31452 20005 10460 17329 14392 31170 19766 27214 28060 12576  9910 19518 13497 27717 15899 15575  2779  3411  7885 17517  5977  7517 28773 25541 12592 19321 18798 11212 26603 25111  8045 32137  5062  9873 30752  1617 12562 22275 16388 19514  2779 14940 27161 24274 30921 30389 15593    16 13380  8674 28871 22922  2267 16455   853  4585 25575  9709 25673 22170  1899 28118 24432 11719 25663 31629 26611  9350 24430 15104 10457 11600  1756  4754
 32461 17076 31020 15213 16161  8780  1248 29717 28692 13297 17090 16707 22096 28971 12163 12528 31671 24811  2211 21424  4959 31613 28816 24641 24283  2744  7698 13668 30909 23160  6886 11755 10328 19790 21930 31508  8907 10613  2809 30997 23867 12808 18902 12792 21599 24691  5966   681 27970 21032 30041  5710 21316 16019 20738 11222 30562  2383  7111 22997  5304 17562  5187 17551 24132 14342   522 31314 14829 16242 26837 27146 11460  5689 30431 10255 23689 25257 12942 30017 19057  5559 11094 15447 11046 29424 12763 31092    16 21683 23381 16379 21971   158 21561 21157 19481  8262 17942   465
 19089 12843 21692 17435  1848  1771 30372 15663 16855  7861 11404  9952 22732 31489 23650 20596  6926 14462 21347 10306 31596  1356 13188   896  2325 18284 20497  6230 20829  1909 15764 24118  3774 29576  6392 18544 18717  3717 18926  3841 19279 24447 17552 31148  4572 13678  3652 24909  5891 21284  2532 23401  8190  6019 20252 17417 28551 30188  4371  6601   410 21242 22605 24620 13437  6513  5072 31794   766  7025 17797 16173 13308  5104 19938  5072  9000 23655  6854   393  1805 10954 15780 31249 22606 27582 11492  9537 15919  3335 13446  7975  9303 19519 23049 23641 24021 24014 14219 10377
 31072    22  4657 29530 10979 20206 12233 24434 28217 27474 12206 18384 18228 19288 27372 12128 17125 18022  8101 20173  7703 12707 27572 13463 13597  8363 23183 11109  8398  7815  2674 23196  9421 29404 11450 21808 21262 18274 25999  2747  2197 16792 20165 20172 10113 25783  8708 27265 12874 20452 20007 27736 11335 11433 31715 10818 25459 24998 17833 10745  1904 23940  9933 25492 12748  3627 26087  4697 17284 22581 32378  2002 15302  8866 19923 13603 27643 19149  1844 24218 11525  5278 13106 11656 31173 27394 15964  5199  4833  1176 23325 14525  4036 16558 15076 22680   230 20587 25217 23674
  1869    77  7635  3295  1364 13783 22176  7549 19627 30083 21188   724 28063  1278  7566 17925  2971 32148  8295 19175 23279 25321 11956 15448 11217  4587  2302  4817  9889  7172  6992 26942  7538 25236 31457  5132  5829  1694 26355 11907 30103   194 20731  4694 25247 30059 12290 28024 23249  6473  9035 27186  1830 14850 10294  7539 16799 16164 26468 12135 27528 14175 23836 29258 30970 17905 24814 23423 21923  1121 20630  4828  1737 11376 25123  3145 11917  7757 24920 24457 21613  5896 23634 21079  5901 11081   875 18613 11063 23106 16479  3969 19488 19682 18605 13641   237  5451 12096 25952
 23413   647 14671 31025  5193 23670 31362 13268 10226  7179 31830 23519 22905 29624 29890 10111 15917 15399 20507 11975 13984  6443  4661 22599 30963 27382 21195 29665  4179 24460 22816 30680 30148 14456  6887  5162  9757  6333  8800  4128 22868 28431  8133  9763 16124 20547 10724 20945 25612 22021 29197 17488  9698 21961 28462 29410 22152  1028 17469 29626 30261 22427 26070  7439  9751 16795 17190  6766 14415  3372 30215 27732   318 31680 15980  1532 19967 29072 19712 32118  9268 17993  8458   505 12038  3586 32148  3194 32103 28274 14796 32381 30106 21600 28842  9004  8694  7514 21459 18086
 15079  2474  9662 22425  4661  2694  7957 18195 17289 16519 17246  6805 20013 15965 26842 25706 31763 25536 30637  5686 14873 25769  9280 25042 17803 20675 10468  7255 21225 12060 17080 22393  4587   545 30156  9495 12995 18377 23686 14607 20642 18960  1605 23895 25981 21415 10565 27722 11025  7402 11203 17727  3365  1298 18529 28512  4367 27564 20939 24250 22137 15946 22939  3984  5477  3704 15994 27637 15727 17393 25992 12186  6738 16147  8959 15844  8622 32657  5651  7745 19977  9064 31772  4797 11027 21012 16118 31952 30510 26627 17064  1146 32301 30282 13893 13714  4444 27287 27664  1884
 16577 29542 31971   601 14754 29816 15058 30819 28232  8065 14091   761 27394  1314 24320 15319 31852 12822 29897 25545  2800 11440 26307 27586 20366 26245 19070  5160 17881 30310 32470  5747 32578 11921 14687  3318 15257 25383   775  3324 27345 29921 26614 10007 31748 29695 24249 16821  7606 28546 10912   500 21342 17563 15716 14008  1059   611 23565 31226 26339 13772  2835 31843 28537 12760  1476 12057  8512 10249 17637 16345 27347  9496 22684  6982 28439 17898  6542 27008 24444 14527 30020 14585 19327 24237 22995 19332  2420  8525  1212 14767  7298 20660 14609 24659 15343  7588  8409 19561
 24477  1028 23990  6431 30165 14734  3269 29740  9796 29896 16838 15456 17987  8245 15741 28287 25180 19916 25431 21583   265 32425 12881 10736   702  4867 17686 11628 17194 30302  7527 19599 24507 23553 16064 25849 18272  8107 23609 19057 30610  7810  7594  1916  2709  7244 16402  3118 31483  2273  5434 16193 16491 14816  9877  9572 10656 27810 32619  4821  6068  9324 25142  6962 32415 14569 27981 13197 20219 10455 29375 15038 11530  1280  1922 23549  6393  1900  3533 32688 27750 10965 16066 16001 20769 22107 30544  2740  5423 29049 19544   951    21 29752 10766 10235  3411 18338   675 22787
 12334  2682 20513 26043  1202  3626 28054  3850  4600  8189  2932 15018   421 29326 17208 18488 28851 15233  3658 15495 15732 22896  9252 14138 30419  5672   951 26258 20702 22806 11274 28036 17025 24060 18469 28687 12436 17384 21037 14796 18969  2151 29136 12999 31166 17142  6628  5773  4266 13497 10570  8582  3701   112  4889 10373 10872  7846 20984 20126   584 25131 10956 19768  4477  8389   660   610 22200 21539 19344 14699 18916 18194 19881 25004  1979  8948 19981 10153 22156 29037 23066  9305 26684 26207 14717  5825 32140  1561 19355 23496 20121 31691 21552  6214 23721 13373 31541 18782
  4388  4289  1032 12046 19937 18023 32711 17668 21155 15727 32508 15795  7140  1284  1664 13223  7889 12071 19353  1301  1685 10473 31590  3511 22234 25309  4477 13014  6029 24013   466 30121 28130 28588 14811 32733 18073 21708 15601 24181 30079 24913 24570 24276 28215 26342 26693 16920 31290  8878  4533 15018  4125 18301 16418 26643 12307 30793 24572 17682 27058 18139 14897 15339 28410  2762 16209 21761 22675  9386  3569 13223 32598   385 14413 21812  3855 29306  3377 18005 13953 11486 26649 17064  6315  1599 19607 29318 25418 16631 20725 15136 11935 31953  7195 21709  2674  8197 31412  7074
 23639 19562 20365 20036 29488 13543 25405 12026 29683 26410 22283 15110   942 23965 16140 27702 21192 28054 10124 14518 28041 26063  2479 17704 30172 28949 29528 31990 10836  4420 26186  1255 24174 18034 12942 15345 18454 13931 20500 15951 18028 26718 31645  7891  1479 26837  6871 19068  9466 27114 11210 19019 16343 13240 17268 22355   754 30993 24496 29968 11432 25711  4189  1529  8031 28972 15291  3672 26894 25845   536  6490 25601 32124  1197 29794 21718  9837  5059 13475 10700 19364  2074 15086 16189  7069 19338 10696 19816 20011 21739   448 25460 17261  6963 22528  5042  3838 17374 23329
 13603 17261  4243  6724 24122  4589 20484 16990 31970  4685 22038 17875 12227 18218 16194  8775 17601 12899   826 14512   198  3533  6864 27568  5314 31784 15636 30755 25584 18002 30653 15348 32602 30907  9931 24372 31391 29977  3946  4973 32244 19549  8728 23859 14697 29925 10250  7165  7534 12531 24524 17459 31893 14686 19753 32648 31385   135 16458 10122 27808  8591 22562 20087  3773 20423  1033 19027 12985 23144 18598 30263 19475  6277 19475  7660 32069 20797 27964 18361  2633 29749 27272 20600 21596 13894 23484  3567 17154 26226   796 27486 15946  3869 14803 13397  7763 14201 31636   456
 13327 22851 21890 32101 20295 24237 15437 28453 26079 15515  3486 18722 16476 32017 16566  9640 20387 19948  2642 27534  4099 26577 30673  3271  7542 24932 17816  4916 23844 17082 29878 28604 24617 27920 25540 16287 25496 10941 28431 31751  4544 31589 23546 18401 26798 28784  5021 20458 27123 11706 28850 28941 30631 25228  9394  6380   685 20172 30779  5309 28217 10352 27317 16983 19600 30008 30005 22412 22799 11421 29857 13242 21359 13829 32534 28573  8263  5944 10374  8039 21202 26391 31398 31507  1011 22668  9223 24822  6774 29117  8834 26263 26777 17285 27866 27584 17099 13604 24477 25557
 29619 14389 29003 18789 12660 30945 29114 28671 30768 24147 22713 10311 28107 28523 26612 27208 13041 28599  9240 31244 17754 18591 26935 14954 22348  4831  7789  8736 16482 21563 19652  1826 27533 17773  7509 13361 26200 13411   688 31918 30064 22183  4478 17073 21091  8223 19557  9046 30376 29174 26412 15703  6112 13786 17696 17888 14683 14696 14006 24478 30430 24036 14961 26650 27811 28718 17670 12101 24738 15601 21695 19795  4367 13598 21533  2765 19492 13977  4033  3810 13600 19762 17292 18431 23184 32726   774 17055   461 32262   252 25187 19398 16777 31342 12645  5887 30814 18600 14794
 17114 19189 24238  7574 14358 21151 13789 24772 23189 21570 28112  6551 18530  4945  9089 31531  2546 20731 17328 28239  6058 19363 23689 11415 22690 21137 12929  4524 32425 16871  7297  5863 25481 31446 27462 11550 19340 11281 24584 26814 12606 32386 30297 13338 32373 31293  1361 31747 22159 14258 31720  2713 22011 12582 15523  1120 27387 18532 23667 15255 11175 21679 18650 19909 19766 19708  6479 16276  8313 25182  4068  2786 14248  7874  3366 21270  6497 23516 31556 13232  9454  9825 29812 23845  3015 24951 10387 29673  1111 15978 17931 26061  6659 23712 27130 10635 15977  9679 23441  7327
 32741 14957  5818 29529  2394   616 27133 28465 20271 13848 11172 20314  3479 29554 18973 12186 31766 13182 15265 18776 23105 13323  4371 19191 14789 10657 12331 14690 10666 19895 30931  4072  9945  7462 22993  4683 30172 23262  6311  1299 18918 10967 20663 16424 23827 22859 28075 20384 24048  8739  9492  5846 22078  3247 13137 10684 28403 12185 24499 20594 13698 28956  3039 26903 18012  6001 21107  7135   183 15754 30956  5477 10126     3 14535 15171  5097 30294  9190  3809 23646 19534 10294 12938  5592  4030 30351 17605  4503  1650 20699  1506 15480  8294   891 31699   887 23094  3558  2109
 24946  9174 16019  9423 31280  8067 17946 14803 26273 19705  1430 17154  5735 29927  7245 13981 27286 26784 30867 25273 28088 27155 28651 13531 19733 20477  8816  8132 30513 14941 11635  5006   917 27433 29030 15352 18386  5951 28408 30975 15812 17310 32642 17838  7956   726 27810   310 23040  9917 11045 20033 17247 14948 15659 31876 10719 22601 32645 12435 11922 12494 26210 15866  1705 21738 27947 26505  2687  6431 15787 31215 13785  9388 21107 29835 32108   259  6269 13438  7583 15741 21519 22021 18067 31565 19682 16390 18784 30131  1412  3560 10914 23154   507 19368 15925  1667 25003 14377
 12348 31499 20602   460  8040  7819  4913 12609 11383  7766 13093 13981  8954  1097  3352 19628  8028 21686 18266  9864 22048 18593 29491  7018 24682 30767 23942 17601 12737  2395 21166 17025  6931 14059 22956  6590 32505 17314 10884 24953  6973 11704 25572 12730  2970 13959 17415  2271 27074  4743 26841  6963 11942 21884 23388 16578 14577 28398 27210 30060  7381 19162  6140  7993  8459 27303  8074  3820  3349  2651 21812 28379 11463  9743 26112  5117 11525 29601 15013 25925 13774  9384   424 19758 25978  1197  9413 27032  4415 18328 11664 28114 28410  7272 23900 27384  3116 22567 31836 29311
 13891 19741  9224 18190 14364  8773  2242  3983  4293 16125  1722 16519  1927  7937 30223 12194 16676  8858  2615  1427 14941 12051 16544   538 19383 13165  8855 18022  6783 25940 24170  6558  6924 19025 31689 23483  2116 24896 12146  6808 29794     5  4622 32076 22262 14715 15957 31159 15404 24493  6777  2139 31058 30281 20674 19053  2709 10577 15221 22060 32267  7188 18427  7538  4087  9309  5439  8841 23624 17898 20824 28479 18786   543  6760   573  4129 20476 26308  9876  1307 20557 14421 27033  1830  4640  7998  8947 14107 31612 20414 17138 23769 10832 20312 23331  7564 25002 32050  5409
 26415 22313 31164  2989 13647 29877 12689 14849  4882 25197  4002 30050 32377 27873  6801  9461  4322  7042   347 11219  4305  2903 23354 14687 20719 25073  7882 29656    83 27808  5226 12586 20481 16359 18405 12810  4528 27438 15698  4929 13265  5303 27960 26952 16076  4563 19446 14870 14221 20310 24674 18742  2879  7752 11697 27164 26711 14557 29847 19641 10453  5031  4014 30797 12742 20235 28444 26749 27662 23794 30577   165 14948 11968 18382 18799  4254 32650 11084 11429  4143  3716 14747  9027 19950 23992 27370  2513  9497 18686  8967  3823 15257  2344 30664 28722  7047 30589 13993 31022
  1520  9577 28086 30932 25301  7282 31660  8447 29302 23150 27483  1097  9169 24051  7758  9763 13413 22288  2734 20773 32059 20538  4196 10146  4391 25481 10622  8832  4172 20517 31188 29254 21726  1019   491 30327 23852 28084 31001 16159  5853 10983  4842 19627 28537 26253 13251   509 20012 31670 22725 31936 23239 12411 14068 18425 13832  7476 21913  7391  1819  5099 10213  9709   608  7184 27094 30773 19823 22125 17503 14071 25690 23901 31939  5490 25650 30009 13122 11002 24268  8468 29943 19787  7108 28584  9473 25885 27331  5263   225 28921 27390  8631 17443 10826 27647 29968 12097   183
 19368 11911 30148 24496 30069 16952 22444 29255 26369 31455 27154 22850 24012   144 21260  1902  4667 14249 31953 14390  9184  3076  1053 13427  6908 31857 26071 22918  9026 31331 12274  5797 25566 29161 14737 21618  6326  3552  9838 31442 20720  3176 14716  2300 30388 14228 15051 29648  1075 22118 29868 15979  2536 10746  3095   248 27165 19201 14409 20936 28082 31601  7601 17574  5658 16507 20493 29796 20646 22718 16337 19130 28422 25274  5832 31313  2317 18311 18429 24346 11188 15814 22236 14564 31074 30937  6549 29742  8042 22607 31425 30009 17621 11170 32328  6498 22115 24101  3458 25263
 21452  7992 20124   424   587 23230  2878 12648 10333  5585 27242  6643 14023   948   424 11466   726 26376   352 12221 30186  4931   135 27137 22070  8799 11133 10114  3265 13007 23094  1658  3248 16823 20889 17219 16328 30044 13349 30314  7215 27610 26074 30980 18290 25109 26455 25413 27340 18161 27712 22862  7334  3782 12514  6727   858 23310 21274  1454  5436 19041 12914  2798  6619  1188  7054 14132 20612 22397 17095 21886 24584 30473 21013 21749 29631 14034  3634 27004 10701 20219 22268  6793 13988   446  1820 13363 25035 13593 30437 20109 16349 21699  9854 24371 19924  4197 21316  2338
 20871 18951 31850  7885  9074 18632  6882  2669 17846   979  4225  4248 27744  6542  4702  8469 23278 18197  4731 10735 15120 29670 27815  8392 20651  9694 23202 13936 12067 29028 29571 26806 21466 14820 14935 26238 18932 22143    11 31252 15198 28416  7308 28096  4878  9490 17196  7835  5260 23985 30280 12704  3249 16095 24103  7942 32686 13720  1830  1998 30801  6151 19218  2456 23684 14330 27094  1210 27415 31124  5462  2195 18111 16961 29850 23069 12894 21487 25135 18626 25220 26748 27082 17777  2102  8554 18735 28656 30959  8154 30801  3700  6117 22712 31931  9071 25741 31027  3118  5545
 21089 28528 17036  7826 19937 27519 28404 29399  4824 27790 15407 22835 14304 11868 14411  9096  4904  2801 32645 15918 23669  9357  3693 18826 12391 27614 32580 29155 22782 22133 13993 31090 32604 22907 17269 10424 10957 31904 30179  6421 12548  6485 29172  3477 31656  6715 16657 19981 18191 20187  9970 14439 15945 10135 15808 31802  6240 28128  7542 13470  6878 19626  4749 21566  9616 15645 10200  6062 11146 11150  1965 29183 15723 26797 30789 10129  2274 15104 30565  2857 29041  9360 14654  4419  9841 12514  3731 11690 23127 24360 30233 12101 32565 31929 23843  3636 11396   959 21374 24604
  4640 21039 13978 26302  7316 19711  6123 27855 11928 17299 25231 25859  5080 10104  1073 32620  4343 27732  7469 10498 13524  9245 31733 10627 20236 11146 26547 21373 12224 31431 32304 31400  5272 28269 10484  9338 26375  7345 28079  9974 12241  2780  7639 10693 25547 22267 10643 15751 28130 10711  6616 32107  6751  1319 30161 28413 18282 16901  6021  5184 32460 21407 13236 25597 23801  8751  6401  7258 26957  4653 27223  9134 17302  3010 22661 27540 19155  5761  7979  2623  8507 23890 18650 32269 12673 11950 32375 20318  6487 19730 26080  1190  7473  9133 21458  7361  2379 13148 21771   903
  9197 19417 21163 13473  5358 25904 21984   155 26231 11634 11970 10297   777  7852   636 16911 21697 12570  1197  7756 27099 32153 24590  7383 17014 25691  4692 10653 11158  3038 16216 21289 19311 19487 16245 12149 17121 23051 27953   767  2111 18230 30240 24096 24404 10703 13062  9369  4776   212 19260 13167 20991 10370 10069  6394 23075 29456 30464  4920 18915 14748 20016 18535 18524 31078  7547 28114 24695 20796  2496 20715 13747 29493 26381 30362 30245 24226 23232 17621 11709 30274 26860 27249 24266 18101 28926 31031   960  4403 23968 26171 24121 28286  3037 25705 14139  7701 11654 19809
 29881 21931 10965  3205 10332  9431 18257 16463 31619 16653  3569  1513  7304 19917 18564  8951  4421 29978  1616   439  4822 25646 30202 13133 22177   108  5798 27736 26772 26774  1118 12233 31406  5696 25528  7157 19905 13189 12467  3561  6006 30968 29923  3837  2449 10205 10446 16556 24182 29850 17557 15010  3820 30056 17367  3863  5410 26958  8402 26972 24816 27472  2763 31411 24926 26084 23472 10596 18282 23205  4349 13837 26118 21067 19420 19258 21345  2267  7312 11061 12135 10779  7443 28704 13195 12873  7934  4672 28612 18188 28842 10396 22741  7339 32149  6087  3026 15229 19975  8954
 27360 14753 10741  4965 30524 15598 25381 27079  3199 22829  2707 20029 24864  7814  5396 12887 28730 27705 13113 22897 12431 23439 24694 15169 15566 22287 28035 29868 20753 12788  2563 15070 16810 21471  4452  1177 20255 19658  7942 24013 31603 25917 11679  6506 17575 32452 17886 21874 26753 22688    78  1362  5516  3261 24190 30322 11616 22756 16223   779 31779  2098 29421 26425  2384  4297 12561 27729 26039 14789 30662 24180  6854 23922  5244   100  7942  7100 23737 29079 29672  4326 23046 14986 20674 25727 27913 29528 32533 17554 11247 14475 19473  8478    13 25138 13147 15301 18118 12596
  9997 24520 31151 26339  6399 22067  8689 31444 10565 27221  6895 25327  7672  4723 26665  8642  2106  4286  8800  3866 14964  8321 16380  3797 29666   927 15530 10738 25938  1085 25673 15850 29480 16060 17671 13891 22694 18410  3271  1122  4202   889 21959 18849  9784 16048  9855 26529 22010 25440 10444 27362  7173 22298 23629   912  6814 23199 18445   160 30909 32152 28515   284  7697 31367  3607 20411 28739  3838 24518  7349 30079  9231 30344  2517    49 23299 25807 15568 18444 21070 16019 27605  5201 14019 13740  6245 23374 29957 21887 27749 31525  7998  8668 28018 28622 23315  7463 31348
 10847 27607 31158 18294 28043 11518 31355 19381 21353  4309 18147 22006 24695 30577 13821 15133 18399 29157 21727 21244 17657 17849 11334 14185 11792 17559  2428 31123  9321 19526 20095 16790  1409   733  3423  3148   407  9008 29416 31590 31594 28047 17537 27580  5444  4272 30036 17890  3895  7913  5807 15612 23207 25506 10154 28627  1801 11531  2059  8232 27625 24074  4710 29768 13362 23672  8585 30432 11946 12172  1303 18707  1980 25239 10610 15050 20602 32754 30430 15691 30434 14389 11236 25614  4960  2474 14069 26571 12181 31746 21328 24536 27223 17478 27942  9650  7417 25872  4347  5850
 26060  7930 27215 10466 15333 17751  5502   967 28705 19233 18661  5761 16231  7219  6470 23001 23085  5816 23917 13691  1342 14564 29972 15180 14266 22242 30469 11517 23134 27917  2686 32737  3077 25186 28633 21243  3951 20277 31852  2908 17986  7204  3503  2732 23886  3402 14236 13318  3605  3509 12892 13065  6539 20249 19231 14635 24602  4549 23628  9553 15081 10455  4314 18845 31326  3756 30461 17287 11746  7579  9734  6704  6372 16611 31620  5874 31008 12769 13232  3132   545  5511 24840 32413 12804  3593  1849 25630 25472  5337 23874 28117 16675 12502 31447  4023 32222 23745 29955 15022
 30404 12784 11794 31980  8719 11078 23726 31870 28516  5218  3656    36 32088 30999 10426 31328 18482 10524 12074 19149 13810  9221 20017 10674  9107   370 29500 29143 22414 10631 29491 15511 32159 29084  1113  1079  4043 28981  3956 16502 20642  9012  7213 12645 15042 10061 23737 19577  2460 14267  7353 32735 16251 10033  5983 16399 19650 31508 30931  5028 15476 30183  3797  4459  2554  9735 27811  1210  1057 19608  1565 11267 24931 12479  1575 17832 26983 13073 25679 24337 22475 13644 32176  6653 23584 10821 13589 23573 23350 25122 24162  7367 21914 26313 31024 17745  5982 31897 32440 22300
  5400  6999 18162 19532  6701 29547 18686 26261 11344 21324 15042 24656 18501   313 21461 13262 23531 23850 14235 27884  8569 24326 19122 14567 16392 17686 30605 10354 21842  1722  9823 22534 19641 24410 27707 29306 10123  1440 13689 16851  6788 25316 28507 16989  9364 24296 29937 27643   739  5062 17209  9659  9747 32294 14475  6061  3269 32180 25396 20214 10078 14802  9058 26656 10507 16009  9280 13236 27138 26054 28769  2315 16139 24771  9570 15201 27199 30147  2763 25899  2320 17922  4151 32170  9098 12268 30389 27841 16601  8589 10605  4356  9482 28489  2439 27665  7190   717 12616 26915
 30236 30277 29310 29156  6382 28623  5151 17795 19151 20784  4909 17927  6779  4039 27356 12259  2152 18623 10231 28618 21836 25992 19328  2756  6623 25735 16535 19586  3042  6668 27036 12270  5216 32133  2200 13831  6964 22258  1753  7916 11211 24729 24541 14646 22315 12539 13170 15243 30516   262 17178 23665 14118  8844 24244  7263  1380 15092  1113 30234 21112  5680 14213 26943 16726  9711 21367  4891 11493   275 23770 18883  9915 30565  5796 28001 21288  3463 24127 25549 18039 29995  4839 29277 18288 21891  3155 27133  6946 30712 25751 22914 15839 11551  6473 14907 11655 32233 18402 19145
 10506 32026  2408  3121  2344 19708 12618  5424  5755 11604 29580 12239   184  9621 13859 30006 23346  8020  4515 23493 17055  1276 17687 27489  4127 14531  8496  3084 15738 30684 11939  8889 24233 32238  5068 28766 21657 31942 32151 26442  7467 15433  4000 27321 25727 30380  8089 11430 15218 17639 16365  7648  5989 12134 23970  9312 32577 14082 30084  3034  2487 27185  9344 25746  4301 23161  5966 17521 16022  1579  7507  7768 22336  2637 25285  9140 25685 12504  5648 25683  9530 12068 31864  8310 26876 10400 14848   295 13643 18886 20619 10956 24263  3918  6722 24061 30331  3490 17205  6803
 12455 19603  1605 30977 10435  2890 12609 11752  9920   129 13391 27621 18833 27379 16526  6062 15082  1552 14841   605 20552 14070   143  7691 15665  1437 21681 24737 15037 13905 23243 18667 18517  5990   566 14830 27067 22311 21341  8316  1610 30223 26911  5893 19840 10556  6517 31664 17593 16672  4437 11434 25149 26746 26582 24254 22909 20356 27796 16935 31898  5998 13654 27042 22311  4620 12014 10183 26160 10700 13665 22168  4475  1514 30536 15707 18957 16103 10358  2213 29168 14135 18395  2232 28980 27706 31912 10766  7220 21357 20148 23606 20251  6114 15903 23263 25254 19437 32309  3379
 24107 25377 22421 28518  2778  2170 30098 14990 19523  9436  8921 16053 25112 10684 14676  9004 30516 29725 18767   291  8669 23487 15322  3191 14662 17043 29806 16075  9304 14449 13779 14554  1458  1805 20032 19979 26863 14888 20165 28231 21799 30723 20966 25095 26808 15897  5513  3249 25158 22029 27666 10532 15104  5858 18636 13457 13861 18026 27531 31630  2503 12033 28559 32101  1232 15739 16812  6578 22082 15194 16808 15405 22979 31044  4837 31428  3416 32181 24639 23021  5233  3058  5944 11066 27686  5950 24147 14893 13504 30287 19133 15183 13435 27395  6450 12668 30602 21072 28191 15745
 12636  4217 24836  3049 17182  3464 22301 21779  2945 22008 28993  9096 25533 13234  4362 21644 28118 21307 14646  1779  6173 18731 19789 27702 31227  3041 29828 12230 28138 13685  9186 26784  3268  8686  5025 18722 28224 15797  9175   285 21177  6218 29782  1579  6706  3894 13264 13891 11416  9537 27199  2186 14150 23012 17027 16492 25551  5377  5965 22252 27639 31442 18237  3640 12034 15392  5191 25473 11314 14005  4699 21257  1675 31251 26949  8830 30169  1126 28114  9606 18676 19384 22068 12443 23875 26468  3495 11801 12159 28109 27477  2453 27065 23119 20599 25969  4767  3958 29118 20141
 16891 18798 20465 25344 32380  5307  9175  7464 10425  7466 16727 15230  6003 26888 13790 29901 18714 21649  9729 28516 20115 25003 11876 11882 21305 12245 19418 26994 26146 12378  3789   591 26787 27338  7649  3370 17942 26026 19412  7890 22746  1899 17577 21842  8348   921  5637 20169 11733 10325  5849   630 26260  8197 29249 12307  2174 31562 22956 22884  3091  5939  8766 31247 19763 13232 20850 29102  7392 20041 23812 21539  8261  5391  8718  5163  8439  1491 22385 15415 12924  3479 32630 10615 20746 15426  7349 32055 23952 24728 11830 14446  6907  8296 14039 13716  4274 24839 21485 29877
 30306  5118 10030 28100  3329 15360  6095 23857  2317 15903 12009 16061 29205 21311  4897 27278  7035 11722 26504  2174  6776 10149  4544 19897 23904  3171 11105 14471 18472 21433  8858 15974 31269 24626 19996  8284  8470  5668 30771 22923 32101 24291  9526 23558 31658 27700  6434  4067  1905 20485 24706 18578 31549 15451 24722  9325 20941 32651 12963  2703 31901  4269 20161 15082   944 16462 18836  9364 21133 24933 10628 30306 22152 32392  5920  7608 21058 28512 27841 10143  2675 25179 26986 14360 12263 11936  2803  2993 10951   584 21351 14165 11034 16587 32170  6760  8843  9656 25951 14100
  2925 32682  9736 25821  8444  6007 13679  4476 27878  6058 32070  1002 19978  2100 14346 21947 23679 12894  5421  5805 20184   258 26739 20097 17574 12539 26781 20745  6719 26074 16709  6275 10686 30426 31753  6693  7499  2071  1259 18681 13981 17402 19960 15083 12220 18680 22056  9249  6412  8060  6022  7306 22663 19489  8336 25530 11850 21029 23777  5877 25171 14875 20749  3465 32649 28895 19917 20321 16380  4815 24156 23000  3695 30520 30240  9931 16660  4111  8589 10738 29078 29154 15943 14448  5724  6157 32390  3752 16653 14641 15295 26707  9807 16354 23681 24271 21205 15264 20893   442
 12696 24073 28297 24000 18276 22604  8454 26033 18327 11489 19457 29143 26150 18808 18871 18822  2784 32047 22813 27380 18935  7943 31359  1355 17852 30873 32615 22781 23978 18693 20928 29272 20134 29740 13883 29274 10373 12831  3570 22982 15567 21206 23372  2679 27330 27174  3616 29429 27802 30701 23325  6214  2576 24720  8809 29191 21537 18855 10632 19643 19984 12022 11392  9826 10158 17312  2618 14670 27865 29591  4140 10546 20035  6487 10549  1660 26485 15316 29640  7140  9747 26800   845 14917 13921 32434 20676 30380  6406 31860  7852  3759 17936 10075 21539 26369   313  7884  4942 22595
 17256 12189  3835 15900 23931 31690 25477 31883 14404 19050 30456 28540 21969  5089  9334 30874 30705  7766 14042  8037  4083 15976 30362 30596 23473  4124 20210 16732 21454 15386 20031 30945 20283  7450  1449 18092 32768 22937  3076  1871 11577 17872 10232 23781 20062  8678 25952 32493 27592  2149  6641 15448 26737  8427  7452 25568  6396 27426 14133  1692 19445 13809  3028 18641 10073  5876   892 13580 32601 30250 30842 17773  2651   494 11024  5958  5698  7977 16595 31973  8943 10693 21330 25005  1543  6501 20984 13420 31735 24147 15156 19432 18998  2745 28886 31163 22218  7189 11197 16225
 22798 30951 21167 22928  1970 30380 14472  5575 26627 31760  1431  9770  8813  4960 20549 26509    62   318 10487 19919 30380 13208  7478 27241 25370  7387 30222 16710 23703 20323 13747 24534 16040 27959  6251 27230 20807 16371  7335  5010 12843  3333 22131 12901 25418 31260  4625 27168  8861  5598  2529  6321 28451 22746 13189 32582 24360 12989 26689 22811 11207 30664 27816 21648  5550 17025  7029  8831  1825  7593 14263  4044  5954  2671 10801 23870 21135 14051 11776 18829 27820 30893 12414   444 16227 24575 26727 27560 15081 30408 26682 32482 11106    43 12258  8122 30632 19503   406 12444
 15688 29624 32254 19872 28110  4278 19351 26204 20803 18076 19800 10749  4595 12052 11414 31126 13684 32496 14885 21687  9955 30564 27328 29762 13937 30579 29354  1914 12830 16808 17558 18269 31685 18950 30661 21556 16473  8257 22894  4456 13422 18991 11618 29591 31227  8825 25072 29927  4958  3990 15110  9114  1952  9978 14490 32483  7163  4234 15432  5624 18073 15956 12861  7529 16031 19581 16723 28336 19818  7546 18045  9737 17688  1667  8038 21124 16459  8261  2133 27736  3881  4056  4436  1402 30120 23536 28305 26734  7944  8791 10244  6494 27297 16795 27730 28009 30174 19204  2802 11325
  1930 20680 22926 28648 16458 25730  2220 14059 13419 23009 11149 23696 21214  8605 30549 27518 15745 20656 32109 32395 30369 10178 25894  9169  1980 12005 26783 30212  1419 14722  6376 24579  5439 26259 11623 16044 22284 28947 25211 21749 23012 25779 11104 17976 31877  2767 15187  2767 24501  9120 10742  4833 19916 16307 14069  2939 15220 19866 28906 31203 17837 12257 17278  8489 20756 28484 12497 26110 11876 23838 14877  9417 26685 14885 15254 11768  7716 13653 16276 23700  4300 22314  3315 31513 17299 11538 29882 27268 22352 18722  8956 16301   588 27144 30460 19159 18830 24385  9876 15750
 24412 32140 12504 25233 19198 14238 25590  7287 15813 12055 31329  7670 14668 20917  4910  4314 27390 22215  2494  7956 24792 12517 28829  4619 31600 18399 13226 31799 16695  3827  9592  8427 30459 19267 31733  3698  8624  7814    73  7774 21871 10749 30209 20509 30143 23976 32109 12749 19220 18363 30022 19281  4501 30796  8084 16293 25890 19790  3535  6254 11926 15042  6213 28630 30281 25388 25787 27798 16346  5188 16471 17492 21291 31727 20670 14384  5804 10605 24697 16282 24285 11988 19101 21862 22286 30397 18859  6946 26473  8765 11701 18087 15411   791 15810  3566 21071  1583 18548  1317
 11524  8770 10216  8962  6400  7893 15582 24408  8348 18283  9498  8168  5473 24315 12554 26489 21195 26529 23720 31531  7758  4756 20386 29192 18583 27736 10424 25308 29716  6453  6246  9286  9398 13799  3780 21264 31990 12439   170  4796 19478 11786  2071 15455 20905 20249 25556 28595 23125 27233  6740 14951  6616  3643 17375 18873 26185 24303 16368 23111 14496  9508 23003 23074  5753  8347  8370 28965 18709 29469 30314 25477  1442 14258  6714   680 27324  6676 12868  8251 30515   611  6263 14207 24079 10522 28340 16611 23505 10050 15919 25560 28924 22246  9753 31457  9684  6086 23932  7657
 15206 19535  3174  9946 28104  8907 16457 25707 11170 32470 32674 28474 26349  5905 16601 21786 25339  6938 18536  3758  9144 30139 12864 29495 25135 32609 10856  7850 10832 13520  6376 32262  1520 17942 17637 30180 22801  4541 13069 22351 21348 24645 17206  5847  6924 29650 20801 31201  5285 16417 23877 11841 27781 24256 32490    11 17729  4991 10258  8613 12147 29986 31423 14881 20155  3672 13873 11722 20484  2801 32590 21757  5385 17739  2119  5435 14615 18445 23417  4219 21268  6168 19857 24261  6336 23227 23284  1532 18235 11302 29790  9212 29896 14882 32456 32485 12240 30463  2704 28597
  3882 30925  1492 23325  6041 22735 28190 11405  6806 10028 17735  1938 29264 18152 19861  9057 16114 17939 20775  1204  2340  1600 30867  2516 28116 18745 29901 31991 14134 30193    75  8397  1801 10682 31590 27478 30237 27064 10244 25334 19730  2198 18548 20939 14946  5239  9625 17214 10658 24880 16459 32728  8196   692 12794 31576 16929 19407   148 26882 26357  9496 27049 27193 23595 20513 26830  2896 16283 27376 32063   670  4626 18355 29384 26064 26449 27823 12773 18819 22360 20602 23336 32531  5348  9834 12763 25773 19766 20301  6631 31660 13590 16986 11508 14626 26392   616 10962 17588
 30494 29534 18711  6572 24350  9195  9738 15945 10533 24439 25280  1369 31388  7257 10373  3594 25803  6730  7550 30206  7835 17689  3212 29085  2976 12193 17522 16047 13398 15097 29243  9514  5035 15850 31446 31304 23998 16550  6148 23005  9191  8374 15476  2536 31223 12597   811 15464   193 11068 11818  9073 31193   669 30795  2942 18587 29396 15981 28681  1135 22586 17360 15961    76 10620  5570 15004 27515  9548 21116 15157 28574  2134 22343 11863 28656 24438  6627  7635 19918 18984 12584  9518 22135 16704 20718  3575 15888 13787 15659  1623 19435  7317 30811  9706  7176 14588 12581 13517
  6620 15685 13115 26873  6226  4670 24450  3535 11024 23428 28531 18931  9467  3062  1985 30558 24573  7785 24123 16815 12806 18078 30453 32450 13136 11889 15522 30084 14824  4946 30789  1798 11882 22521 27657 28112  7691 24150  5484  1911 11741 15815 23203 23666 21327 10638 10042 23081 30195  7042 15356 29519 24197  5892 13842  6770  5928  6197  4463 19152  8434   871 10859  4973  8875 10449   685 22626 29906 12422 19791 15992 12001   680  1597 29941  6611 32728  6366 20918 11234  7666 23031 29566 29077 15607 22732 24206  2042 18507 19336 18294  3120 30753  6878    42  9257 18227 20721 15192
  1198 28854 28529  6649  6308  2701 28935 14119 11661  4029 31220  9774 18770 28449 31733  5861  3391 29279 20841  5183 19023  4378  5045  4381 10922  1129 12520 14182  5228 11912  1179 11610 10664 10958 30748 17699  2477  6623 28107 19117 14215 32291 31683 25528 18889 15479 14781 13868 18314  5410  9778 18604 22190 10506 26304 20845  8039 24360 26575 26441  2298 15929  8052 18703 13255  3766 30614 12062 21636 22791  9039 23346 21705  5108 25492 23165 23761  5980 32537 11770 10879 10025 29039 19710 22943 10883  5487 13840   367 25412 20188   506 19293 14764 30532 11552 26387 28759  4647  2833
 32689 21611  3164  6236  5721 15894  2735  7845 26097 30008  3023 24311 13348 20060 24936 13916 13226  5101 17548 28843 23498  4007  2391 15778 22813 18507 13779 31796 31636 18327    25 20516 17852 31861 30649 13779   321  3443 24156  2135 31922 12147 29608 11724 22147 21667 14436 24047 31064 18352 27869 14057 11649  1847 20104  5224 25536 30077 22760 23796  7507 12383  3506 14721  5422  9612  2096 27456  3721 14065 24547 13243 27802   885  7788   801 30628 10215 19629 24798 29488  3124 23339 17007 27034  4318 27062 17525 20688 12457 12877 31240 27735 27288  6972 17997  4239  2071 13447 29771
 11063  4986  9355   250 13619  4774 18403 19357 29069 23054  2185  8274  7611  3042 12349 20712 30496  6018 14891 20464 14805 19769 26568   535 31912 23080  7421 14771  3685 16512 18311  4251 14421  8181 21918  5180  2565 25199 32724 30697  4680  8450 27201 16755 10623 21792 24797  9210 12568 10765 13101 32002 27733   660 29474 10185 22095  1785  6974  6873  6458 20270 24568   985  2794 32073 12386 21928 21142 23606 10761 31917  7133 22185  1052 11624 31494 23127 13777   333 26252 31590 23557 21971 27098 27682  8739  8648 30035  7409 12870 13543 28565  6281 28834  5548 27647 28768  1568 29031
 10865 19812 32328 21136 17490 30957 31844  4442 10968 29168 19426 12938 23171 25205 20475 10378 26603  2379  5778 10937 18876 27642  4703  5894  1023 25849 16460  4541  6299 25121 15391 22432 24859 26466  2138 30266 13745 10677  3423 24176  1403 22097  5080  1369 17414 23074 15958  1872 20497 15735 17976   327 14227 26619 32719  5214 31999 24806 27072 18356 16838 24436 19369 15484 31261 16279 10247 26708  3586 12008  1367 18899  2937  9700 21115 19297 19996   341 27232 18508 16338 20494 31454 26648  5855 10459 21215 17430 13597  7352 23492  2872  3208  6465 16900  6179 11520 20330  4374 11654
 24395 29296 18066 19626 29018 25360  8339 23115  6093  6902 11103  1447  2233 27768 21066  9684 13224 27268 30679   342 15073  3287 22817 13297  4586 25712 16505  9916 25932 29765 19281 20087 12182   564 18265  9246  8100 29756 27367  3006 13345  3565 27804  7560 12363  8733 15941  1316 19958  3293 28415 27464 20692  2476 30879  7560 24307 14826 31824 26736 17031 28559 12926 22480 30954  4124  4595 20823 13025  9170 29248 15715 10785 25890 11615 12824 28690 25702  1174 21680  6610  5070 19614 25873 28029 20381  9477 10149 29868 13973 16081  8550  6203 26287 30310 23096 10576 29200 17578  6524
 31640  8249 19302 20706 29908 20350   240 10622 13717  2745 16135 26399 16195 10047 14590  5596 15204 32531  7453 13807 18459  7002 25924 22983 28143 25359  6865 27224  8910  8696  4548  1462 32338 31705 24353 11234   835  8167  3734 11747  8796 20607 23390  4889 23122  4888 28773 26831  6418  7287 29613 12303 16970 19746 24816 23994 32556 21014 30599  8408 15215 15804 16266 25388 29590 11546 27193 14347 14452 19782  4506 11631  3056 21793  7012 13128 31494 18241 17180  3346  6414  4143  3966   428 16449 21715 14110 15720 15225  1324 14415  6751 15672  1861 10308 17159 18412  3684 32117 25351
 27505 29316 22852 23113 31704  7173  5345  9809  9575 22435  5483 30158   480  9893 11096  6767  4871 24406   278 19704 18014 12729 23794 30613 26163 25721 14906 31342  7132 24095 32158  7803 26434 20103 18652 10906 12188  3221 12701 20191 20861 31780 24473 23083 19985  4159 22018 28160 32675 15764 27680  9363 30563 28965 14649 23843 26727 24385 30643  8842 17391 16051  9084 24594 27373 17465 22442 22665  6341 29240 12127  5016 27473  4269 11760 13648 11304 24935 29254 29702 16160 25716 14724  8289 23057 16601 29929 29617 27100  9606 30457  6274 18604 13960 31703  8562 10620 23169  4342 25151
 23770 31829  8176 24356 21226  5415  8374 18022 32429  4740 14058 10282 32387 27869 16009 24713 11759   571  3021 26598  1179  2350 25170 32127 26268 12294 26487 24643 18934 15430  5127  2532 21859 15958 26905  8236 23632 11640 27700  4244 23593 32765 11959  2579 24278  5049 25720 18740 26246 31412 19884 27243 18091    34 30727 13993  3653 31126  6948  7726 26468 14450  5158 21919  4072 12194 17568 18776 20364  8586 22706 23299  3875 27196 14453  7529 29985 14831 10393   649 11100 21421 24141 12263 12820  9291  2655 27943 25649 17822  8101 24794  4301 16876 22683  3992 19954 11169 16461 20815
 26789 23875 17016 12506  5667 30120  1772 27094 19050 25703  7220 30897 22523  6796 13689 28931 15583 13200 32676  3618 16616 10888 20931 12785 18745 28572 15534 17912  1288 29115 15850 12986 22435 28813  6605 24898  9137 10921  8419 31488 23483 15369 25745 23507 31723 16570  7928 27239 20755  4056 21020 19137 12528  8890 25158  7960  1969 31850 12199 19175 24243  9560 29501 27712 16527  3919 25339 32611  7766 30119 24868 24719  6683  3517 15096  8216 23218  7072 14994 23738 19640 16141  4113  6189 29907  3230 22006 14841 14139 18238 13517 13452 14458 19936 27152   138 15216  4465 13896 25188
  8345  9994 30325 11820 27283 19051 27824 32168 27610 25765 31759  3237   471 27414 23497 12173   281 10906  1434  6204 14050 21248 25449 23824  9189 22203    41 30271 21582 29402 16381  9582 30979 29499 25503 31615  9769  1787 23298 28842 23275 14640 11062 17103 13942 25051 27533  3594 32328  8984  7676 21385 22955 18072 26307 25242 26236  3921 26448 22536  2865 21364 16481 10152 10779 29344 32618 25647  6631 31829 31542 14662  1899  6827 25552 19425  9376  5444  2468 29900 18666   127  8162  2438 26272 27886 32291 10067 31176 11019  9551 13453 21538 30502  3006  3131 27241  8610 29853  2021
  1749  1889 22164 23462  1252 28285  5541 30850 31322  6969  5208 26874 29062 12599 24597 23518  6344 13547 31953 20835  2896 16719  5101  7797  5928 17880  2650 14926  9333 24745 16898  2632  8698 10504  2659  8175  6877 32270  1149  7515 22958 11682 32239 13245 15525  1960  1885 28727  7979 12661 18964 19185 31900 19846 24817 11369 12364 19314 14463 23818 30408 29726 14943  4865  5214  1584 18413  4684 17631 30406 18464  4883 22691 10855 19634 25148  8910 14906  4737 28730  7378  6517 24886 16933 25397 12057  3620 30992 28565 14301  9843 25495 13289  1127  1149 19895 31497 26562 21624   739
 12913 27149 19542 13907   321  4976  6889 17824 20617 25429 21067  2446 10436 18388 20861 10536  2210 10606 29006  8979  6411 24319 30846   284 25184  7662  6948 27155 26372 15015  2381  1500 18203 19787 20710 26563 20881  3749  5852 29456  9822   353 27521 28123 19977 15224 15922 13858 27243 25583 13367 19737 25782 14529 26346 11457 15542 12570 19739  7100 23894  4037 21428 29536  6757 31208 27033  3082 15258 26095   722 17333 14550 30406 22252 21195  2986  5963 24220 25402 14873 27139 21670  7627 32415 24843 15869  8624 12658  4690 15660  6747    28  7174 13556 26519 30680 11596 32311  3025
  9573  1844 13589 21686 20600  2540 24916 29188 21678  8756 32261 28313 23859 11025  9316 16337  1741  6086 24065 24334 25372 31232 25117  8600 16672 14417 16983 17064 24315  2271 19080 21439 26872  1118  6123  1852 27085 25915 11137  2350  4125 18202 31667 23143 27969 31363 18746 25042  4424 16600 15164 10246 10300  1163  1719 28954 31911 24973  9507 10427   854  4618 24147 21629 21597  4947 10653   111 13660  5916 10810 23026  6400  5351 19183 27851 14284  4032 15597 13942  9753 25643 24055   957  2907 12891 18882 19594 24231 14500  6817   506 19570 12851  7522   690 10652  3581 31858 10614
  6061  4597  9800 10744 15966 16002 29441 12269 15963  1584 19784 29798 16711 11686 25209 15710 19200 26584  7686 31631 12325   637 29721 31371 21974 14020 16251 22279  7867 29250 14004 12154 10568 11311 15476 17127 17215  6867  3889 29174 13942 23867  7186 22090 21210 27952 30988 25615 22964 28010 19019 18898 11819 10240  5843   662 28426 20771 20583 20004 24004 25100  4777   930 14006  8243 23940 29287 24235  9410 20167 17678  2469 30793  7954  6857 16091  5811 26102 19192 24062 28537 26968  1787  2496 13845 31766 20036  7063  5818 12270 26800  1214  9026 24219 23319 16510  3176 20032  2594
 15275 31543 29962 32604 21873  7874  8209  1164 23889 16918   384  2371 12902 32365 27126  1713 26605 23972 12588 21948  4868   239  4567 11092  9650  8140 31952 12032 31528 29493 10098 24509 31046 24858 22851 15113 27489 31758 15575 23099 31300 11073 14322 31253 25972  3758  3821  8348 25017 29589 22363 21799 16601 27948 32236  7863 18087 26002 25489 15494 20284 15108 21984 19683 10885 15699 26299 22076 20734  8085 26412 26237 21948 12827  2452 15513 14769 30884 28421 12389  1068 28880  9196 19629 17567  7384 20467 20354 24997  9851  7461  1233 22851 11836  6739 12090 22126  6858  7351 29470
 16334 31936 25816 30714  9154 23182  2733 13300  9636 30903 29957  5556 20558 29246 24615   117 29149 13658 14261 20060 25781 14449 18390 19720 27077 31556  2451 26730 30732 10344  3714 30679  9563 27381 20386 24923  3165 19586 25479  1873 21462 12112 24503 13360 15144 14533 26963 30888 20507 16412 14586 12270 12765  5468  5610  7764  1352 13446  3176 24092 32356 14611 25443  3726  9005  9629  5460 31048 11158 21469 20584  8662  8909  8405 16865 29570 11713 10574 12473   365  6882 10885 11145  3295  7975 23330 19882 17884 25686 20585 24474 31224 19584 17332 22177  9580  3786 19489 30644  6760
  4468 24712  8601 12971  9491 13744   588 16210  1313 19650 15266 10989 16824 17917 15148   472 30363 19372 18782 21705 29558 10581  5104 10661 14695 25396 14213 28312 29116 25063  3211  9060 16895  1643 15202 11513  8496 14919 23488  1863  4689 20487  9044 18768 26664 18412 26537 12161 30272 19682 30542  8258 21297 32178  3636 24268  4129 22137 26967 24634  2443 20057 15776 30435 13631 32110  5642 18408  4522 24324 23813 16137  6744  1031  5400 29885 26039 18874  1225 14977 20510 26796 22977 16752 22541 28649  1836  3860  4023   109 25439 13436 18365 23774 18621 31630 22333  8570 15835 32415
  9483 14414 26850 24129 22078 23976 21045  2396 17903 18640 14932 19329 10813 19699  1793  5498  2708  1632  2977 13350 27440 26615 12516 27012 20956 15581 16296  7181  2048 29301 21275  4167 15834 16012 13856 24727 29452 30164 12277 10070 18519  9876  1042  3880  7846 19357 10580 15753 10062 11136 31834 19369 18836 14334 28976 16762   368   448  2090 18183  7056  5193  2579     7 29344 20008 20359 17842  4553  2418  6046 13011 24695 10351 12747 13855 15200 23188 32515  7877  7874 11697  3617 22342 17899 16236 22409 17031 25599  8942 23563 28453 23030 20188 11019  5384  3556 10121  5087  4411
 18301 31082  1657 21498 13784 30666 26438 29965   627  5054 23125 25173  5496 16220 18876 23717 28478 28968 11064 14035 15123 31695 18707  2830 32569  3608  4683 23153  3630 28439 13808 19161  7472 19108  3534 30452  9217  8715  7244  1179 27112 13573  8596 30050 25592 30439  3060 25965 18580 25626 18308 11397 31795 19403 12554  5482 15201 25059 12314  8043  9735 11578 15490 32309  4075  9735 21221 19433 14970  6300  7333  8561 23494  8272 20230  2323  5835 20156  1425 32582 18678 21290  7095 30149 20712 13898 18871  3299 12919 32295  2242 30494 15349 20058   604 15094  4277 22653  3845 18176
 15564 12515  2073  3126 13845 23430 28917  4753 28280  9537 15195 15322 23403  7488 11032 10429  5816 17076  7395 29727 31873 15051 13449 14513 27266  8927 13895  5317  1175 21230  3959  8289  8830  9290 21104  2450 19165  4241 10663 19203 24455 15584  1562 12494 24315 17732  3310  8082 24366 23665  2134 20934  9610  5047 24504 32589    54 24369 23307  9034 17560 10816 13700 21557  5912  4151 17265 25135 24615  3416 12133 12178  4736 15360  4757 30669  9902 29214 27778 30831 28623 21225 15832 12417 11671 10451 19094 10777 32664  7096 18288   556  7616  5980 30322  8868 31267 30228 30437 25266
 12282 17347 19574   358 25580 11528 24981 11901 31117 28342  2332  5498 16933 22917 17201  7928  2226 15879 18797 23614  7984 21725  9790 20756 20759 30506 23433  4053 24358 15176 23700 23494 26719 18874 24356 17830 25683 32354 18402 30342  4767 10740 13827  7387   951  1963 29224 12242  7906 15163 17539 31971 18822 27398 30268 13225  5030 19090   531 25585  3497 10555 14406  8721 11101 22821 22965 17787 22587   629 28228 30097  8429 14017 23169 30907  5645 22724 30855 31159 19504 11351 14370 14129  7459  8861  2611 20884  3700 13949  6998 11039   308 27989  8643  3643  3836 20460 17010  3596
 14382 28585 20867 21830 18301 19459 29148 22338  3760 11321 22548  5969 24738 16707 13456 31312 27790  9224  2283 22140 24201   977 27803 13704 26960  6398  1234 31981  7492 12280 13219 28802 12467 24678 16998 17228  7513 17572  2909 10903 14119 17776 26264 10053  8259 19943 24085 31079 15951 31665 27948 29194  5358  8056 20266  5971 10628  8606  8509 20175 21566  7983 23440   516  8787 21268 26038 29004 11657  8074 19020 10467  3322 19411 19930 19518 17176 18987 27899 11166 19695  6654  1470 22502 13994  6744 12363 10409 22873 24733  2762 26760  9713 26490 31872  7099  8596 10779 13371  5357
 30483 32671 26097 19533 16818 19145  2980 11490 29995 20984 11656 19486  1781 21337 30056 16311 15557 10587  4422  1458 17494  4963 10562 12993 30822 30402 27837 23246 30465 11236 31421 26584 27905 11209 10643 21246 15062 12729 29116 29657 22147  9524     6 23055  3817 24617 13043 25893  5192  9576  1890  3733 27139 23384 14444  6689  9635 24301  5773  8294  7967   725 23044 10164 30299  3826 29820 16157  4590 21517  9707 20428 31528 10185 22715  6297 15188 23765  2344  2010  7738  2918 15337 26491 32232 15845 18450  3921 31666 21988 30777  4523 19064 15703 18135  5674 28199 14337 14834 22227
  5250 26924  8697 29539 27427 24989 16368  3810  5820 18887  5836 27515 12195 31807 27681 30859 26510  9328 15354  1784 15515 13712  9224  6084 23955 19923  2560 30946  9071 23006   318  9288 17435  3198 13230  5445  8827 32410 20972  2069 24492  2918 20138 22451  4492 15578 26963 28142 17020 23651 19437 31167  7780 31704 16452 24538 28920  2735 16453  6531 22842 19313 26024 30115 22080 15723 31954 28699  4408 20135 16121  4952  2217 27162 30601  6183   252 13855  6342 14283 24122  5924   947 25678 19223 19107  1843 23316 20784 11861 23151 17846 18065  1954  5751 23821 13434 24411 29484 17036
  7011 17835 19293   979 14397  4683 11312 31874 12027 29942 29636  2635 15953 27165 17172 18252 24763 26587 18207 16027 32450 22315  7494 20258  5755 11609 22261 12461 31824 14774 24709 20289  6402 31632 20321 28848 18671  5217 23400 22634 16529 10823  1939 23958  6728 20148 15832 10081 29017 15719 25166   918 11830  1947  8593  2928 26624 32638 32360  2732 32586 30692 25253 23777 22048 11325 14157 13588 18759 25796 18425   903 20167 11002 30076 28115 23975  8787 31686  3382   760 22831 20233 26414 18453  9739 21530 21575 20008 25849 30745 18737 17136 10573 27476 13845  4802 14234   873 28713
 31694 23517  2219 22915 26276 28663 29383 15147 10231  9825 22696  1395  4000 27931  6039 27275 26853 31973 30119  1872 20476 26802 17232  3685   203 16730 16474 10629   754  8591 18428  1303 22283 13842  2118 14851  2352  5670 18620  2501 19646    70  1092  8384  1369 20243 23106 21204 24881 14992  6913  1586 26755 14737 29525 16495  9826  6001 31614  2520 20151  4612 11600  6918  1415  5068  1425  2226 11124 24176 21667 25034 21383 14697   610 29635 17964 30975 18768 10546 13694 29044 11504 13974  1733 10879 12143  2424 21821 26364  2697 11703  4634 21729 28587  7453 26056 31092  4949 11573
 13943 11707  1987  3937 30679 16180 10956  5927 10272  2247 11018 15052  7766  6137 26683   548  3531 12898 13031 22440 25317 20321 12100 28617 23841 23054 24406 14980  2648 20336  6234  4919  1858  3313 26469  8883 10552 25358 10569 10130 30014 16467 22968  6347  2112  2183 23980 22147 21660 27684 19717 23846 22753 21514 32628 11959 13270 13683 24729 26212 14783 25130 20328 10846 28379 10488  3281 28647  2865 23135 32160 17837 27533  1419 17314  6230  5061   390 29193  9564  9792  5803 24849  4123 29881 23645 25828 19752  3649  7929 27579 22501 28291 25096 18247 26194 12876 21178  9551  3878
 30027 16016 31642  5663 15637 25176 27407 21142  5483  9566 24091 25686 16832  5345 26195 10926 10230 13252  7515 12741 22633 29318  3334  2606 22318 25460 25278 16060  2717 32541 29223 23704 29452  3335 19199 16784  4062  1184 26185  9394  5565 31351 11946  3354 23075 28076 26643 11016  6175  2470 15008 18230 29270 12291 25792 15464 22088 24277 22679 12100  9428 18187 18592 30820 17406 10029 26519 29866 32241 15949 24470 12243 20800 27450 17534  7503  5745 19446  1432 21328  7868 29034  8828 31778 12304 31577 10034 29114   599 12435 13208 14225  8699 26475  4611   496 23465 21098  8489